[EASY]
934817256728653419615942738176425893452398167389176542897564321563281974241739685
473816925628539741195427863732948156941365278586172439217693584864251397359784612
598163472632784159174259836259418367816937245743526981465892713981375624327641598
913468527458327961627915483731542698296783145584691372179256834842139756365874219
894163725137582496652974318481237569325896147976451283713649852268715934549328671



[MED]
743198625816523497925764138352647981187359246469812753271985364534276819698431572
632479158517386249489125376894263517361754982725891634946517823253648791178932465
672459831139872645548361729816537492723694158495128367267913584381245976954786213
279836541481529763536714298762981354893465127145273986624157839957348612318692475
382547169496318752715629483961274835538961274274853916823196547157432698649785321

[HARD]
352689714697431582481572639174358926528967341936214875863145297215793468749826153
267139845189645723543872196328567914974321658615984237431796582856213479792458361
815976234426183759397245816672491385583762491149538672931824567258617943764359128
